0,0,0,0,0,0,0,0,0
0,0,0.0077778,0,0,0,0,0,0
0,0,0.015556,0,0,0,0,0,0
0,0,0.023333,0,0,0,0,0,0
0,0,0.031111,0,0,0,0,0,0
0,0,0.038889,0,0,0,0,0,0
0,0,0.046667,0,0,0,0,0,0
0,0,0.054444,0,0,0,0,0,0
0,0,0.062222,0,0,0,0,0,0
0,0,0.07,0,0,0,0,0,0
0,0,0.077778,0,0,0,0,0,0
0,0,0.085556,0,0,0,0,0,0
0,0,0.093333,0,0,0,0,0,0
0,0,0.10111,0,0,0,0,0,0
0,0,0.10889,0,0,0,0,0,0
0,0,0.11667,0,0,0,0,0,0
0,0,0.12444,0,0,0,0,0,0
0,0,0.13222,0,0,0,0,0,0
0,0,0.14,0,0,0,0,0,0
0,0,0.14778,0,0,0,0,0,0
0,0,0.15556,0,0,0,0,0,0
0,0,0.16333,0,0,0,0,0,0
0,0,0.17111,0,0,0,0,0,0
0,0,0.17889,0,0,0,0,0,0
0,0,0.18667,0,0,0,0,0,0
0,0,0.19444,0,0,0,0,0,0
0,0,0.20222,0,0,0,0,0,0
0,0,0.21,0,0,0,0,0,0
0,0,0.21778,0,0,0,0,0,0
0,0,0.22556,0,0,0,0,0,0
0,0,0.23333,0,0,0,0,0,0
0,0,0.24111,0,0,0,0,0,0
0,0,0.24889,0,0,0,0,0,0
0,0,0.25667,0,0,0,0,0,0
0,0,0.26444,0,0,0,0,0,0
0,0,0.27222,0,0,0,0,0,0
0,0,0.28,0,0,0,0,0,0
0,0,0.28778,0,0,0,0,0,0
0,0,0.29556,0,0,0,0,0,0
0,0,0.30333,0,0,0,0,0,0
0,0,0.31111,0,0,0,0,0,0
0,0,0.31889,0,0,0,0,0,0
0,0,0.32667,0,0,0,0,0,0
0,0,0.33444,0,0,0,0,0,0
0,0,0.34222,0,0,0,0,0,0
0,0,0.35,0,0,0,0,0,0
0,0,0.35778,0,0,0,0,0,0
0,0,0.36556,0,0,0,0,0,0
0,0,0.37333,0,0,0,0,0,0
0,0,0.38111,0,0,0,0,0,0
0,0,0.38889,0,0,0,0,0,0
0,0,0.39667,0,0,0,0,0,0
0,0,0.40444,0,0,0,0,0,0
0,0,0.41222,0,0,0,0,0,0
0,0,0.42,0,0,0,0,0,0
0,0,0.42778,0,0,0,0,0,0
0,0,0.43556,0,0,0,0,0,0
0,0,0.44333,0,0,0,0,0,0
0,0,0.45111,0,0,0,0,0,0
0,0,0.45889,0,0,0,0,0,0
0,0,0.46667,0,0,0,0,0,0
0,0,0.47444,0,0,0,0,0,0
0,0,0.48222,0,0,0,0,0,0
0,0,0.49,0,0,0,0,0,0
0,0,0.49778,0,0,0,0,0,0
0,0,0.50556,0,0,0,0,0,0
0,0,0.51333,0,0,0,0,0,0
0,0,0.52111,0,0,0,0,0,0
0,0,0.52889,0,0,0,0,0,0
0,0,0.53667,0,0,0,0,0,0
0,0,0.54444,0,0,0,0,0,0
0,0,0.55222,0,0,0,0,0,0
0,0,0.56,0,0,0,0,0,0
0,0,0.56778,0,0,0,0,0,0
0,0,0.57556,0,0,0,0,0,0
0,0,0.58333,0,0,0,0,0,0
0,0,0.59111,0,0,0,0,0,0
0,0,0.59889,0,0,0,0,0,0
0,0,0.60667,0,0,0,0,0,0
0,0,0.61444,0,0,0,0,0,0
0,0,0.62222,0,0,0,0,0,0
0,0,0.63,0,0,0,0,0,0
0,0,0.63778,0,0,0,0,0,0
0,0,0.64556,0,0,0,0,0,0
0,0,0.65333,0,0,0,0,0,0
0,0,0.66111,0,0,0,0,0,0
0,0,0.66889,0,0,0,0,0,0
0,0,0.67667,0,0,0,0,0,0
0,0,0.68444,0,0,0,0,0,0
0,0,0.69222,0,0,0,0,0,0
0,0,0.7,0,0,0,0,0,0
0,0,0.70778,0,0,0,0,0,0
0,0,0.71556,0,0,0,0,0,0
0,0,0.72333,0,0,0,0,0,0
0,0,0.73111,0,0,0,0,0,0
0,0,0.73889,0,0,0,0,0,0
0,0,0.74667,0,0,0,0,0,0
0,0,0.75444,0,0,0,0,0,0
0,0,0.76222,0,0,0,0,0,0
0,0,0.77,0,0,0,0,0,0
0,0,0.77778,0,0,0,0,0,0
0,0,0.78556,0,0,0,0,0,0
0,0,0.79333,0,0,0,0,0,0
0,0,0.80111,0,0,0,0,0,0
0,0,0.80889,0,0,0,0,0,0
0,0,0.81667,0,0,0,0,0,0
0,0,0.82444,0,0,0,0,0,0
0,0,0.83222,0,0,0,0,0,0
0,0,0.84,0,0,0,0,0,0
0,0,0.84778,0,0,0,0,0,0
0,0,0.85556,0,0,0,0,0,0
0,0,0.86333,0,0,0,0,0,0
0,0,0.87111,0,0,0,0,0,0
0,0,0.87889,0,0,0,0,0,0
0,0,0.88667,0,0,0,0,0,0
0,0,0.89444,0,0,0,0,0,0
0,0,0.90222,0,0,0,0,0,0
0,0,0.91,0,0,0,0,0,0
0,0,0.91778,0,0,0,0,0,0
0,0,0.92556,0,0,0,0,0,0
0,0,0.93333,0,0,0,0,0,0
0,0,0.94111,0,0,0,0,0,0
0,0,0.94889,0,0,0,0,0,0
0,0,0.95667,0,0,0,0,0,0
0,0,0.96444,0,0,0,0,0,0
0,0,0.97222,0,0,0,0,0,0
0,0,0.98,0,0,0,0,0,0
0,0,0.98778,0,0,0,0,0,0
0,0,0.99556,0,0,0,0,0,0
0,0,1,0,0,0,0,0,0
0,0,1,0,0,0,0,0,0
0,0,1,0,0,0,0,0,0
0,0,1,0,0,0,0,0,0
0,0,1,0,0,0,0,0,0
0,0,1,0,0,0,0,0,0
0,0,1,0,0,0,0,0,0
0,0,1,0,0,0,0,0,0
0,0,1,0,0,0,0,0,0
0,0,1,0,0,0,0,0,0
0,0,1,0,0,0,0,0,0
0,0,1,0,0,0,0,0,0
0,0,1,0,0,0,0,0,0
0,0,1,0,0,0,0,0,0
0,0,1,0,0,0,0,0,0
0,0,1,0,0,0,0,0,0
0,0,1,0,0,0,0,0,0
0,0,1,0,0,0,0,0,0
0,0,1,0,0,0,0,0,0
0,0,1,0,0,0,0,0,0
0,0,1,0,0,0,0,0,0
0,0,1,0,0,0,0,0,0
0,0,1,0,0,0,0,0,0
0,0,1,0,0,0,0,0,0
0,0,1,0,0,0,0,0,0
0,0,1,0,0,0,0,0,0
0,0,1,0,0,0,0,0,0
0,0,1,0,0,0,0,0,0
0,0,1,0,0,0,0,0,0
0,0,1,0,0,0,0,0,0
0,0,1,0,0,0,0,0,0
0,0,1,0,0,0,0,0,0
0,0,1,0,0,0,0,0,0
0,0,1,0,0,0,0,0,0
0,0,1,0,0,0,0,0,0
0,0,1,0,0,0,0,0,0
0,0,1,0,0,0,0,0,0
0,0,1,0,0,0,0,0,0
0,0,1,0,0,0,0,0,0
0,0,1,0,0,0,0,0,0
0,0,1,0,0,0,0,0,0
0,0,1,0,0,0,0,0,0
0,0,1,0,0,0,0,0,0
0,0,1,0,0,0,0,0,0
0,0,1,0,0,0,0,0,0
0,0,1,0,0,0,0,0,0
0,0,1,0,0,0,0,0,0
0,0,1,0,0,0,0,0,0
0,0,1,0,0,0,0,0,0
0,0,1,0,0,0,0,0,0
0,0,1,0,0,0,0,0,0
0,0,1,0,0,0,0,0,0
0,0,1,0,0,0,0,0,0
0,0,1,0,0,0,0,0,0
0,0,1,0,0,0,0,0,0
0,0,1,0,0,0,0,0,0
0,0,1,0,0,0,0,0,0
0,0,1,0,0,0,0,0,0
0,0,1,0,0,0,0,0,0
0,0,1,0,0,0,0,0,0
0,0,1,0,0,0,0,0,0
0,0,1,0,0,0,0,0,0
0,0,1,0,0,0,0,0,0
0,0,1,0,0,0,0,0,0
0,0,1,0,0,0.022222,0,0,0
0,0,1,0,0,0.17778,0,0,0
0,0,1,0,0,0.33333,0,0,0
0,0,1,0,0,0.48889,0,0,0
0,0,1,0,0,0.64444,0,0,0
0,0,1,0,0,0.8,0,0,0
0,0,1,0,0,0.95556,0,0,0
0,0,1,0,0,1.1111,0,0,0
0,0,1,0,0,1.2667,0,0,0
0,0,1,0,0,1.4222,0,0,0
0,0,1,0,0,1.5778,0,0,0
0,0,1,0,0,1.7333,0,0,0
0,0,1,0,0,1.8889,0,0,0
0,0,1,0,0,2.0444,0,0,0
0,0,1,0,0,2.2,0,0,0
0,0,1,0,0,2.3556,0,0,0
0,0,1,0,0,2.5111,0,0,0
0,0,1,0,0,2.6667,0,0,0
0,0,1,0,0,2.8222,0,0,0
0,0,1,0,0,2.9778,0,0,0
0,0,1,0,0,3.1333,0,0,0
0,0,1,0,0,3.2889,0,0,0
0,0,1,0,0,3.4444,0,0,0
0,0,1,0,0,3.6,0,0,0
0,0,1,0,0,3.7556,0,0,0
0,0,1,0,0,3.9111,0,0,0
0,0,1,0,0,4.0667,0,0,0
0,0,1,0,0,4.2222,0,0,0
0,0,1,0,0,4.3778,0,0,0
0,0,1,0,0,4.5333,0,0,0
0,0,1,0,0,4.6889,0,0,0
0,0,1,0,0,4.8444,0,0,0
0,0,1,0,0,5,0,0,0
0,0,1,0,0,5.1556,0,0,0
0,0,1,0,0,5.3111,0,0,0
0,0,1,0,0,5.4667,0,0,0
0,0,1,0,0,5.6222,0,0,0
0,0,1,0,0,5.7778,0,0,0
0,0,1,0,0,5.9333,0,0,0
0,0,1,0,0,6.0889,0,0,0
0,0,1,0,0,6.2444,0,0,0
0,0,1,0,0,6.4,0,0,0
0,0,1,0,0,6.5556,0,0,0
0,0,1,0,0,6.7111,0,0,0
0,0,1,0,0,6.8667,0,0,0
0,0,1,0,0,7.0222,0,0,0
0,0,1,0,0,7.1778,0,0,0
0,0,1,0,0,7.3333,0,0,0
0,0,1,0,0,7.4889,0,0,0
0,0,1,0,0,7.6444,0,0,0
0,0,1,0,0,7.8,0,0,0
0,0,1,0,0,7.9556,0,0,0
0,0,1,0,0,8.1111,0,0,0
0,0,1,0,0,8.2667,0,0,0
0,0,1,0,0,8.4222,0,0,0
0,0,1,0,0,8.5778,0,0,0
0,0,1,0,0,8.7333,0,0,0
0,0,1,0,0,8.8889,0,0,0
0,0,1,0,0,9.0444,0,0,0
0,0,1,0,0,9.2,0,0,0
0,0,1,0,0,9.3556,0,0,0
0,0,1,0,0,9.5111,0,0,0
0,0,1,0,0,9.6667,0,0,0
0,0,1,0,0,9.8222,0,0,0
0,0,1,0,0,9.9778,0,0,0
0,0,1,0,0,10.133,0,0,0
0,0,1,0,0,10.289,0,0,0
0,0,1,0,0,10.444,0,0,0
0,0,1,0,0,10.6,0,0,0
0,0,1,0,0,10.756,0,0,0
0,0,1,0,0,10.911,0,0,0
0,0,1,0,0,11.067,0,0,0
0,0,1,0,0,11.222,0,0,0
0,0,1,0,0,11.378,0,0,0
0,0,1,0,0,11.533,0,0,0
0,0,1,0,0,11.689,0,0,0
0,0,1,0,0,11.844,0,0,0
0,0,1,0,0,12,0,0,0
0,0,1,0,0,12.156,0,0,0
0,0,1,0,0,12.311,0,0,0
0,0,1,0,0,12.467,0,0,0
0,0,1,0,0,12.622,0,0,0
0,0,1,0,0,12.778,0,0,0
0,0,1,0,0,12.933,0,0,0
0,0,1,0,0,13.089,0,0,0
0,0,1,0,0,13.244,0,0,0
0,0,1,0,0,13.4,0,0,0
0,0,1,0,0,13.556,0,0,0
0,0,1,0,0,13.711,0,0,0
0,0,1,0,0,13.867,0,0,0
0,0,1,0,0,14.022,0,0,0
0,0,1,0,0,14.178,0,0,0
0,0,1,0,0,14.333,0,0,0
0,0,1,0,0,14.489,0,0,0
0,0,1,0,0,14.644,0,0,0
0,0,1,0,0,14.8,0,0,0
0,0,1,0,0,14.956,0,0,0
0,0,1,0,0,15.111,0,0,0
0,0,1,0,0,15.267,0,0,0
0,0,1,0,0,15.422,0,0,0
0,0,1,0,0,15.578,0,0,0
0,0,1,0,0,15.733,0,0,0
0,0,1,0,0,15.889,0,0,0
0,0,1,0,0,16.044,0,0,0
0,0,1,0,0,16.2,0,0,0
0,0,1,0,0,16.356,0,0,0
0,0,1,0,0,16.511,0,0,0
0,0,1,0,0,16.667,0,0,0
0,0,1,0,0,16.822,0,0,0
0,0,1,0,0,16.978,0,0,0
0,0,1,0,0,17.133,0,0,0
0,0,1,0,0,17.289,0,0,0
0,0,1,0,0,17.444,0,0,0
0,0,1,0,0,17.6,0,0,0
0,0,1,0,0,17.756,0,0,0
0,0,1,0,0,17.911,0,0,0
0,0,1,0,0,18.067,0,0,0
0,0,1,0,0,18.222,0,0,0
0,0,1,0,0,18.378,0,0,0
0,0,1,0,0,18.533,0,0,0
0,0,1,0,0,18.689,0,0,0
0,0,1,0,0,18.844,0,0,0
0,0,1,0,0,19,0,0,0
0,0,1,0,0,19.156,0,0,0
0,0,1,0,0,19.311,0,0,0
0,0,1,0,0,19.467,0,0,0
0,0,1,0,0,19.622,0,0,0
0,0,1,0,0,19.778,0,0,0
0,0,1,0,0,19.933,0,0,0
0,0,1,0,0,20.089,0,0,0
0,0,1,0,0,20.244,0,0,0
0,0,1,0,0,20.4,0,0,0
0,0,1,0,0,20.556,0,0,0
0,0,1,0,0,20.711,0,0,0
0,0,1,0,0,20.867,0,0,0
0,0,1,0,0,21.022,0,0,0
0,0,1,0,0,21.178,0,0,0
0,0,1,0,0,21.333,0,0,0
0,0,1,0,0,21.489,0,0,0
0,0,1,0,0,21.644,0,0,0
0,0,1,0,0,21.8,0,0,0
0,0,1,0,0,21.956,0,0,0
0,0,1,0,0,22.111,0,0,0
0,0,1,0,0,22.267,0,0,0
0,0,1,0,0,22.422,0,0,0
0,0,1,0,0,22.578,0,0,0
0,0,1,0,0,22.733,0,0,0
0,0,1,0,0,22.889,0,0,0
0,0,1,0,0,23.044,0,0,0
0,0,1,0,0,23.2,0,0,0
0,0,1,0,0,23.356,0,0,0
0,0,1,0,0,23.511,0,0,0
0,0,1,0,0,23.667,0,0,0
0,0,1,0,0,23.822,0,0,0
0,0,1,0,0,23.978,0,0,0
0,0,1,0,0,24.133,0,0,0
0,0,1,0,0,24.289,0,0,0
0,0,1,0,0,24.444,0,0,0
0,0,1,0,0,24.6,0,0,0
0,0,1,0,0,24.756,0,0,0
0,0,1,0,0,24.911,0,0,0
0,0,1,0,0,25.067,0,0,0
0,0,1,0,0,25.222,0,0,0
0,0,1,0,0,25.378,0,0,0
0,0,1,0,0,25.533,0,0,0
0,0,1,0,0,25.689,0,0,0
0,0,1,0,0,25.844,0,0,0
0,0,1,0,0,26,0,0,0
0,0,1,0,0,26.156,0,0,0
0,0,1,0,0,26.311,0,0,0
0,0,1,0,0,26.467,0,0,0
0,0,1,0,0,26.622,0,0,0
0,0,1,0,0,26.778,0,0,0
0,0,1,0,0,26.933,0,0,0
0,0,1,0,0,27.089,0,0,0
0,0,1,0,0,27.244,0,0,0
0,0,1,0,0,27.4,0,0,0
0,0,1,0,0,27.556,0,0,0
0,0,1,0,0,27.711,0,0,0
0,0,1,0,0,27.867,0,0,0
0,0,1,0,0,28.022,0,0,0
0,0,1,0,0,28.178,0,0,0
0,0,1,0,0,28.333,0,0,0
0,0,1,0,0,28.489,0,0,0
0,0,1,0,0,28.644,0,0,0
0,0,1,0,0,28.8,0,0,0
0,0,1,0,0,28.956,0,0,0
0,0,1,0,0,29.111,0,0,0
0,0,1,0,0,29.267,0,0,0
0,0,1,0,0,29.422,0,0,0
0,0,1,0,0,29.578,0,0,0
0,0,1,0,0,29.733,0,0,0
0,0,1,0,0,29.889,0,0,0
0,0,1,0,0,30.044,0,0,0
0,0,1,0,0,30.2,0,0,0
0,0,1,0,0,30.356,0,0,0
0,0,1,0,0,30.511,0,0,0
0,0,1,0,0,30.667,0,0,0
0,0,1,0,0,30.822,0,0,0
0,0,1,0,0,30.978,0,0,0
0,0,1,0,0,31.133,0,0,0
0,0,1,0,0,31.289,0,0,0
0,0,1,0,0,31.444,0,0,0
0,0,1,0,0,31.6,0,0,0
0,0,1,0,0,31.756,0,0,0
0,0,1,0,0,31.911,0,0,0
0,0,1,0,0,32.067,0,0,0
0,0,1,0,0,32.222,0,0,0
0,0,1,0,0,32.378,0,0,0
0,0,1,0,0,32.533,0,0,0
0,0,1,0,0,32.689,0,0,0
0,0,1,0,0,32.844,0,0,0
0,0,1,0,0,33,0,0,0
0,0,1,0,0,33.156,0,0,0
0,0,1,0,0,33.311,0,0,0
0,0,1,0,0,33.467,0,0,0
0,0,1,0,0,33.622,0,0,0
0,0,1,0,0,33.778,0,0,0
0,0,1,0,0,33.933,0,0,0
0,0,1,0,0,34.089,0,0,0
0,0,1,0,0,34.244,0,0,0
0,0,1,0,0,34.4,0,0,0
0,0,1,0,0,34.556,0,0,0
0,0,1,0,0,34.711,0,0,0
0,0,1,0,0,34.867,0,0,0
0,0,1,0,0,35.022,0,0,0
0,0,1,0,0,35.178,0,0,0
0,0,1,0,0,35.333,0,0,0
0,0,1,0,0,35.489,0,0,0
0,0,1,0,0,35.644,0,0,0
0,0,1,0,0,35.8,0,0,0
0,0,1,0,0,35.956,0,0,0
0,0,1,0,0,36.111,0,0,0
0,0,1,0,0,36.267,0,0,0
0,0,1,0,0,36.422,0,0,0
0,0,1,0,0,36.578,0,0,0
0,0,1,0,0,36.733,0,0,0
0,0,1,0,0,36.889,0,0,0
0,0,1,0,0,37.044,0,0,0
0,0,1,0,0,37.2,0,0,0
0,0,1,0,0,37.356,0,0,0
0,0,1,0,0,37.511,0,0,0
0,0,1,0,0,37.667,0,0,0
0,0,1,0,0,37.822,0,0,0
0,0,1,0,0,37.978,0,0,0
0,0,1,0,0,38.133,0,0,0
0,0,1,0,0,38.289,0,0,0
0,0,1,0,0,38.444,0,0,0
0,0,1,0,0,38.6,0,0,0
0,0,1,0,0,38.756,0,0,0
0,0,1,0,0,38.911,0,0,0
0,0,1,0,0,39.067,0,0,0
0,0,1,0,0,39.222,0,0,0
0,0,1,0,0,39.378,0,0,0
0,0,1,0,0,39.533,0,0,0
0,0,1,0,0,39.689,0,0,0
0,0,1,0,0,39.844,0,0,0
0,0,1,0,0,40,0,0,0
0,0,1,0,0,40.156,0,0,0
0,0,1,0,0,40.311,0,0,0
0,0,1,0,0,40.467,0,0,0
0,0,1,0,0,40.622,0,0,0
0,0,1,0,0,40.778,0,0,0
0,0,1,0,0,40.933,0,0,0
0,0,1,0,0,41.089,0,0,0
0,0,1,0,0,41.244,0,0,0
0,0,1,0,0,41.4,0,0,0
0,0,1,0,0,41.556,0,0,0
0,0,1,0,0,41.711,0,0,0
0,0,1,0,0,41.867,0,0,0
0,0,1,0,0,42.022,0,0,0
0,0,1,0,0,42.178,0,0,0
0,0,1,0,0,42.333,0,0,0
0,0,1,0,0,42.489,0,0,0
0,0,1,0,0,42.644,0,0,0
0,0,1,0,0,42.8,0,0,0
0,0,1,0,0,42.956,0,0,0
0,0,1,0,0,43.111,0,0,0
0,0,1,0,0,43.267,0,0,0
0,0,1,0,0,43.422,0,0,0
0,0,1,0,0,43.578,0,0,0
0,0,1,0,0,43.733,0,0,0
0,0,1,0,0,43.889,0,0,0
0,0,1,0,0,44.044,0,0,0
0,0,1,0,0,44.2,0,0,0
0,0,1,0,0,44.356,0,0,0
0,0,1,0,0,44.511,0,0,0
0,0,1,0,0,44.667,0,0,0
0,0,1,0,0,44.822,0,0,0
0,0,1,0,0,44.978,0,0,0
0,0,1,0,0,45.133,0,0,0
0,0,1,0,0,45.289,0,0,0
0,0,1,0,0,45.444,0,0,0
0,0,1,0,0,45.6,0,0,0
0,0,1,0,0,45.756,0,0,0
0,0,1,0,0,45.911,0,0,0
0,0,1,0,0,46.067,0,0,0
0,0,1,0,0,46.222,0,0,0
0,0,1,0,0,46.378,0,0,0
0,0,1,0,0,46.533,0,0,0
0,0,1,0,0,46.689,0,0,0
0,0,1,0,0,46.844,0,0,0
0,0,1,0,0,47,0,0,0
0,0,1,0,0,47.156,0,0,0
0,0,1,0,0,47.311,0,0,0
0,0,1,0,0,47.467,0,0,0
0,0,1,0,0,47.622,0,0,0
0,0,1,0,0,47.778,0,0,0
0,0,1,0,0,47.933,0,0,0
0,0,1,0,0,48.089,0,0,0
0,0,1,0,0,48.244,0,0,0
0,0,1,0,0,48.4,0,0,0
0,0,1,0,0,48.556,0,0,0
0,0,1,0,0,48.711,0,0,0
0,0,1,0,0,48.867,0,0,0
0,0,1,0,0,49.022,0,0,0
0,0,1,0,0,49.178,0,0,0
0,0,1,0,0,49.333,0,0,0
0,0,1,0,0,49.489,0,0,0
0,0,1,0,0,49.644,0,0,0
0,0,1,0,0,49.8,0,0,0
0,0,1,0,0,49.956,0,0,0
0,0,1,0,0,50.111,0,0,0
0,0,1,0,0,50.267,0,0,0
0,0,1,0,0,50.422,0,0,0
0,0,1,0,0,50.578,0,0,0
0,0,1,0,0,50.733,0,0,0
0,0,1,0,0,50.889,0,0,0
0,0,1,0,0,51.044,0,0,0
0,0,1,0,0,51.2,0,0,0
0,0,1,0,0,51.356,0,0,0
0,0,1,0,0,51.511,0,0,0
0,0,1,0,0,51.667,0,0,0
0,0,1,0,0,51.822,0,0,0
0,0,1,0,0,51.978,0,0,0
0,0,1,0,0,52.133,0,0,0
0,0,1,0,0,52.289,0,0,0
0,0,1,0,0,52.444,0,0,0
0,0,1,0,0,52.6,0,0,0
0,0,1,0,0,52.756,0,0,0
0,0,1,0,0,52.911,0,0,0
0,0,1,0,0,53.067,0,0,0
0,0,1,0,0,53.222,0,0,0
0,0,1,0,0,53.378,0,0,0
0,0,1,0,0,53.533,0,0,0
0,0,1,0,0,53.689,0,0,0
0,0,1,0,0,53.844,0,0,0
0,0,1,0,0,54,0,0,0
0,0,1,0,0,54.156,0,0,0
0,0,1,0,0,54.311,0,0,0
0,0,1,0,0,54.467,0,0,0
0,0,1,0,0,54.622,0,0,0
0,0,1,0,0,54.778,0,0,0
0,0,1,0,0,54.933,0,0,0
0,0,1,0,0,55.089,0,0,0
0,0,1,0,0,55.244,0,0,0
0,0,1,0,0,55.4,0,0,0
0,0,1,0,0,55.556,0,0,0
0,0,1,0,0,55.711,0,0,0
0,0,1,0,0,55.867,0,0,0
0,0,1,0,0,56.022,0,0,0
0,0,1,0,0,56.178,0,0,0
0,0,1,0,0,56.333,0,0,0
0,0,1,0,0,56.489,0,0,0
0,0,1,0,0,56.644,0,0,0
0,0,1,0,0,56.8,0,0,0
0,0,1,0,0,56.956,0,0,0
0,0,1,0,0,57.111,0,0,0
0,0,1,0,0,57.267,0,0,0
0,0,1,0,0,57.422,0,0,0
0,0,1,0,0,57.578,0,0,0
0,0,1,0,0,57.733,0,0,0
0,0,1,0,0,57.889,0,0,0
0,0,1,0,0,58.044,0,0,0
0,0,1,0,0,58.2,0,0,0
0,0,1,0,0,58.356,0,0,0
0,0,1,0,0,58.511,0,0,0
0,0,1,0,0,58.667,0,0,0
0,0,1,0,0,58.822,0,0,0
0,0,1,0,0,58.978,0,0,0
0,0,1,0,0,59.133,0,0,0
0,0,1,0,0,59.289,0,0,0
0,0,1,0,0,59.444,0,0,0
0,0,1,0,0,59.6,0,0,0
0,0,1,0,0,59.756,0,0,0
0,0,1,0,0,59.911,0,0,0
0,0,1,0,0,60.067,0,0,0
0,0,1,0,0,60.222,0,0,0
0,0,1,0,0,60.378,0,0,0
0,0,1,0,0,60.533,0,0,0
0,0,1,0,0,60.689,0,0,0
0,0,1,0,0,60.844,0,0,0
0,0,1,0,0,61,0,0,0
0,0,1,0,0,61.156,0,0,0
0,0,1,0,0,61.311,0,0,0
0,0,1,0,0,61.467,0,0,0
0,0,1,0,0,61.622,0,0,0
0,0,1,0,0,61.778,0,0,0
0,0,1,0,0,61.933,0,0,0
0,0,1,0,0,62.089,0,0,0
0,0,1,0,0,62.244,0,0,0
0,0,1,0,0,62.4,0,0,0
0,0,1,0,0,62.556,0,0,0
0,0,1,0,0,62.711,0,0,0
0,0,1,0,0,62.867,0,0,0
0,0,1,0,0,63.022,0,0,0
0,0,1,0,0,63.178,0,0,0
0,0,1,0,0,63.333,0,0,0
0,0,1,0,0,63.489,0,0,0
0,0,1,0,0,63.644,0,0,0
0,0,1,0,0,63.8,0,0,0
0,0,1,0,0,63.956,0,0,0
0,0,1,0,0,64.111,0,0,0
0,0,1,0,0,64.267,0,0,0
0,0,1,0,0,64.422,0,0,0
0,0,1,0,0,64.578,0,0,0
0,0,1,0,0,64.733,0,0,0
0,0,1,0,0,64.889,0,0,0
0,0,1,0,0,65.044,0,0,0
0,0,1,0,0,65.2,0,0,0
0,0,1,0,0,65.356,0,0,0
0,0,1,0,0,65.511,0,0,0
0,0,1,0,0,65.667,0,0,0
0,0,1,0,0,65.822,0,0,0
0,0,1,0,0,65.978,0,0,0
0,0,1,0,0,66.133,0,0,0
0,0,1,0,0,66.289,0,0,0
0,0,1,0,0,66.444,0,0,0
0,0,1,0,0,66.6,0,0,0
0,0,1,0,0,66.756,0,0,0
0,0,1,0,0,66.911,0,0,0
0,0,1,0,0,67.067,0,0,0
0,0,1,0,0,67.222,0,0,0
0,0,1,0,0,67.378,0,0,0
0,0,1,0,0,67.533,0,0,0
0,0,1,0,0,67.689,0,0,0
0,0,1,0,0,67.844,0,0,0
0,0,1,0,0,68,0,0,0
0,0,1,0,0,68.156,0,0,0
0,0,1,0,0,68.311,0,0,0
0,0,1,0,0,68.467,0,0,0
0,0,1,0,0,68.622,0,0,0
0,0,1,0,0,68.778,0,0,0
0,0,1,0,0,68.933,0,0,0
0,0,1,0,0,69.089,0,0,0
0,0,1,0,0,69.244,0,0,0
0,0,1,0,0,69.4,0,0,0
0,0,1,0,0,69.556,0,0,0
0,0,1,0,0,69.711,0,0,0
0,0,1,0,0,69.867,0,0,0
0,0,1,0,0,70.022,0,0,0
0,0,1,0,0,70.178,0,0,0
0,0,1,0,0,70.333,0,0,0
0,0,1,0,0,70.489,0,0,0
0,0,1,0,0,70.644,0,0,0
0,0,1,0,0,70.8,0,0,0
0,0,1,0,0,70.956,0,0,0
0,0,1,0,0,71.111,0,0,0
0,0,1,0,0,71.267,0,0,0
0,0,1,0,0,71.422,0,0,0
0,0,1,0,0,71.578,0,0,0
0,0,1,0,0,71.733,0,0,0
0,0,1,0,0,71.889,0,0,0
0,0,1,0,0,72.044,0,0,0
0,0,1,0,0,72.2,0,0,0
0,0,1,0,0,72.356,0,0,0
0,0,1,0,0,72.511,0,0,0
0,0,1,0,0,72.667,0,0,0
0,0,1,0,0,72.822,0,0,0
0,0,1,0,0,72.978,0,0,0
0,0,1,0,0,73.133,0,0,0
0,0,1,0,0,73.289,0,0,0
0,0,1,0,0,73.444,0,0,0
0,0,1,0,0,73.6,0,0,0
0,0,1,0,0,73.756,0,0,0
0,0,1,0,0,73.911,0,0,0
0,0,1,0,0,74.067,0,0,0
0,0,1,0,0,74.222,0,0,0
0,0,1,0,0,74.378,0,0,0
0,0,1,0,0,74.533,0,0,0
0,0,1,0,0,74.689,0,0,0
0,0,1,0,0,74.844,0,0,0
0,0,1,0,0,75,0,0,0
0,0,1,0,0,75.156,0,0,0
0,0,1,0,0,75.311,0,0,0
0,0,1,0,0,75.467,0,0,0
0,0,1,0,0,75.622,0,0,0
0,0,1,0,0,75.778,0,0,0
0,0,1,0,0,75.933,0,0,0
0,0,1,0,0,76.089,0,0,0
0,0,1,0,0,76.244,0,0,0
0,0,1,0,0,76.4,0,0,0
0,0,1,0,0,76.556,0,0,0
0,0,1,0,0,76.711,0,0,0
0,0,1,0,0,76.867,0,0,0
0,0,1,0,0,77.022,0,0,0
0,0,1,0,0,77.178,0,0,0
0,0,1,0,0,77.333,0,0,0
0,0,1,0,0,77.489,0,0,0
0,0,1,0,0,77.644,0,0,0
0,0,1,0,0,77.8,0,0,0
0,0,1,0,0,77.956,0,0,0
0,0,1,0,0,78.111,0,0,0
0,0,1,0,0,78.267,0,0,0
0,0,1,0,0,78.422,0,0,0
0,0,1,0,0,78.578,0,0,0
0,0,1,0,0,78.733,0,0,0
0,0,1,0,0,78.889,0,0,0
0,0,1,0,0,79.044,0,0,0
0,0,1,0,0,79.2,0,0,0
0,0,1,0,0,79.356,0,0,0
0,0,1,0,0,79.511,0,0,0
0,0,1,0,0,79.667,0,0,0
0,0,1,0,0,79.822,0,0,0
0,0,1,0,0,79.978,0,0,0
0,0,1,0,0,80.133,0,0,0
0,0,1,0,0,80.289,0,0,0
0,0,1,0,0,80.444,0,0,0
0,0,1,0,0,80.6,0,0,0
0,0,1,0,0,80.756,0,0,0
0,0,1,0,0,80.911,0,0,0
0,0,1,0,0,81.067,0,0,0
0,0,1,0,0,81.222,0,0,0
0,0,1,0,0,81.378,0,0,0
0,0,1,0,0,81.533,0,0,0
0,0,1,0,0,81.689,0,0,0
0,0,1,0,0,81.844,0,0,0
0,0,1,0,0,82,0,0,0
0,0,1,0,0,82.156,0,0,0
0,0,1,0,0,82.311,0,0,0
0,0,1,0,0,82.467,0,0,0
0,0,1,0,0,82.622,0,0,0
0,0,1,0,0,82.778,0,0,0
0,0,1,0,0,82.933,0,0,0
0,0,1,0,0,83.089,0,0,0
0,0,1,0,0,83.244,0,0,0
0,0,1,0,0,83.4,0,0,0
0,0,1,0,0,83.556,0,0,0
0,0,1,0,0,83.711,0,0,0
0,0,1,0,0,83.867,0,0,0
0,0,1,0,0,84.022,0,0,0
0,0,1,0,0,84.178,0,0,0
0,0,1,0,0,84.333,0,0,0
0,0,1,0,0,84.489,0,0,0
0,0,1,0,0,84.644,0,0,0
0,0,1,0,0,84.8,0,0,0
0,0,1,0,0,84.956,0,0,0
0,0,1,0,0,85.111,0,0,0
0,0,1,0,0,85.267,0,0,0
0,0,1,0,0,85.422,0,0,0
0,0,1,0,0,85.578,0,0,0
0,0,1,0,0,85.733,0,0,0
0,0,1,0,0,85.889,0,0,0
0,0,1,0,0,86.044,0,0,0
0,0,1,0,0,86.2,0,0,0
0,0,1,0,0,86.356,0,0,0
0,0,1,0,0,86.511,0,0,0
0,0,1,0,0,86.667,0,0,0
0,0,1,0,0,86.822,0,0,0
0,0,1,0,0,86.978,0,0,0
0,0,1,0,0,87.133,0,0,0
0,0,1,0,0,87.289,0,0,0
0,0,1,0,0,87.444,0,0,0
0,0,1,0,0,87.6,0,0,0
0,0,1,0,0,87.756,0,0,0
0,0,1,0,0,87.911,0,0,0
0,0,1,0,0,88.067,0,0,0
0,0,1,0,0,88.222,0,0,0
0,0,1,0,0,88.378,0,0,0
0,0,1,0,0,88.533,0,0,0
0,0,1,0,0,88.689,0,0,0
0,0,1,0,0,88.844,0,0,0
0,0,1,0,0,89,0,0,0
0,0,1,0,0,89.156,0,0,0
0,0,1,0,0,89.311,0,0,0
0,0,1,0,0,89.467,0,0,0
0,0,1,0,0,89.622,0,0,0
0,0,1,0,0,89.778,0,0,0
0,0,1,0,0,89.933,0,0,0
0,0.0054667,1,0,0,90,0,0,0
0,0.015033,1,0,0,90,0,0,0
0,0.0246,1,0,0,90,0,0,0
0,0.034167,1,0,0,90,0,0,0
0,0.043733,1,0,0,90,0,0,0
0,0.0533,1,0,0,90,0,0,0
0,0.062867,1,0,0,90,0,0,0
0,0.072433,1,0,0,90,0,0,0
0,0.082,1,0,0,90,0,0,0
0,0.091567,1,0,0,90,0,0,0
0,0.10113,1,0,0,90,0,0,0
0,0.1107,1,0,0,90,0,0,0
0,0.12027,1,0,0,90,0,0,0
0,0.12983,1,0,0,90,0,0,0
0,0.1394,1,0,0,90,0,0,0
0,0.14897,1,0,0,90,0,0,0
0,0.15853,1,0,0,90,0,0,0
0,0.1681,1,0,0,90,0,0,0
0,0.17767,1,0,0,90,0,0,0
0,0.18723,1,0,0,90,0,0,0
0,0.1968,1,0,0,90,0,0,0
0,0.20637,1,0,0,90,0,0,0
0,0.21593,1,0,0,90,0,0,0
0,0.2255,1,0,0,90,0,0,0
0,0.23507,1,0,0,90,0,0,0
0,0.24463,1,0,0,90,0,0,0
0,0.2542,1,0,0,90,0,0,0
0,0.26377,1,0,0,90,0,0,0
0,0.27333,1,0,0,90,0,0,0
0,0.2829,1,0,0,90,0,0,0
0,0.29247,1,0,0,90,0,0,0
0,0.30203,1,0,0,90,0,0,0
0,0.3116,1,0,0,90,0,0,0
0,0.32117,1,0,0,90,0,0,0
0,0.33073,1,0,0,90,0,0,0
0,0.3403,1,0,0,90,0,0,0
0,0.34987,1,0,0,90,0,0,0
0,0.35943,1,0,0,90,0,0,0
0,0.369,1,0,0,90,0,0,0
0,0.37857,1,0,0,90,0,0,0
0,0.38813,1,0,0,90,0,0,0
0,0.3977,1,0,0,90,0,0,0
0,0.40727,1,0,0,90,0,0,0
0,0.41683,1,0,0,90,0,0,0
0,0.4264,1,0,0,90,0,0,0
0,0.43597,1,0,0,90,0,0,0
0,0.44553,1,0,0,90,0,0,0
0,0.4551,1,0,0,90,0,0,0
0,0.46467,1,0,0,90,0,0,0
0,0.47423,1,0,0,90,0,0,0
0,0.4838,1,0,0,90,0,0,0
0,0.49337,1,0,0,90,0,0,0
0,0.50293,1,0,0,90,0,0,0
0,0.5125,1,0,0,90,0,0,0
0,0.52207,1,0,0,90,0,0,0
0,0.53163,1,0,0,90,0,0,0
0,0.5412,1,0,0,90,0,0,0
0,0.55077,1,0,0,90,0,0,0
0,0.56033,1,0,0,90,0,0,0
0,0.5699,1,0,0,90,0,0,0
0,0.57947,1,0,0,90,0,0,0
0,0.58903,1,0,0,90,0,0,0
0,0.5986,1,0,0,90,0,0,0
0,0.60817,1,0,0,90,0,0,0
0,0.61773,1,0,0,90,0,0,0
0,0.6273,1,0,0,90,0,0,0
0,0.63687,1,0,0,90,0,0,0
0,0.64643,1,0,0,90,0,0,0
0,0.656,1,0,0,90,0,0,0
0,0.66557,1,0,0,90,0,0,0
0,0.67513,1,0,0,90,0,0,0
0,0.6847,1,0,0,90,0,0,0
0,0.69427,1,0,0,90,0,0,0
0,0.70383,1,0,0,90,0,0,0
0,0.7134,1,0,0,90,0,0,0
0,0.72297,1,0,0,90,0,0,0
0,0.73253,1,0,0,90,0,0,0
0,0.7421,1,0,0,90,0,0,0
0,0.75167,1,0,0,90,0,0,0
0,0.76123,1,0,0,90,0,0,0
0,0.7708,1,0,0,90,0,0,0
0,0.78037,1,0,0,90,0,0,0
0,0.78993,1,0,0,90,0,0,0
0,0.7995,1,0,0,90,0,0,0
0,0.80907,1,0,0,90,0,0,0
0,0.81863,1,0,0,90,0,0,0
0,0.8282,1,0,0,90,0,0,0
0,0.83777,1,0,0,90,0,0,0
0,0.84733,1,0,0,90,0,0,0
0,0.8569,1,0,0,90,0,0,0
0,0.86647,1,0,0,90,0,0,0
0,0.87603,1,0,0,90,0,0,0
0,0.8856,1,0,0,90,0,0,0
0,0.89517,1,0,0,90,0,0,0
0,0.90473,1,0,0,90,0,0,0
0,0.9143,1,0,0,90,0,0,0
0,0.92387,1,0,0,90,0,0,0
0,0.93343,1,0,0,90,0,0,0
0,0.943,1,0,0,90,0,0,0
0,0.95257,1,0,0,90,0,0,0
0,0.96213,1,0,0,90,0,0,0
0,0.9717,1,0,0,90,0,0,0
0,0.98127,1,0,0,90,0,0,0
0,0.99083,1,0,0,90,0,0,0
0,1.0004,1,0,0,90,0,0,0
0,1.01,1,0,0,90,0,0,0
0,1.0195,1,0,0,90,0,0,0
0,1.0291,1,0,0,90,0,0,0
0,1.0387,1,0,0,90,0,0,0
0,1.0482,1,0,0,90,0,0,0
0,1.0578,1,0,0,90,0,0,0
0,1.0674,1,0,0,90,0,0,0
0,1.0769,1,0,0,90,0,0,0
0,1.0865,1,0,0,90,0,0,0
0,1.0961,1,0,0,90,0,0,0
0,1.1056,1,0,0,90,0,0,0
0,1.1152,1,0,0,90,0,0,0
0,1.1248,1,0,0,90,0,0,0
0,1.1343,1,0,0,90,0,0,0
0,1.1439,1,0,0,90,0,0,0
0,1.1535,1,0,0,90,0,0,0
0,1.163,1,0,0,90,0,0,0
0,1.1726,1,0,0,90,0,0,0
0,1.1822,1,0,0,90,0,0,0
0,1.1917,1,0,0,90,0,0,0
0,1.2013,1,0,0,90,0,0,0
0,1.2109,1,0,0,90,0,0,0
0,1.2204,1,0,0,90,0,0,0
0,1.23,1,0,0,90,0,0,0
0,1.2396,1,0,0,90,0,0,0
0,1.2491,1,0,0,90,0,0,0
0,1.2587,1,0,0,90,0,0,0
0,1.2683,1,0,0,90,0,0,0
0,1.2778,1,0,0,90,0,0,0
0,1.2874,1,0,0,90,0,0,0
0,1.297,1,0,0,90,0,0,0
0,1.3065,1,0,0,90,0,0,0
0,1.3161,1,0,0,90,0,0,0
0,1.3257,1,0,0,90,0,0,0
0,1.3352,1,0,0,90,0,0,0
0,1.3448,1,0,0,90,0,0,0
0,1.3544,1,0,0,90,0,0,0
0,1.3639,1,0,0,90,0,0,0
0,1.3735,1,0,0,90,0,0,0
0,1.3831,1,0,0,90,0,0,0
0,1.3926,1,0,0,90,0,0,0
0,1.4022,1,0,0,90,0,0,0
0,1.4118,1,0,0,90,0,0,0
0,1.4213,1,0,0,90,0,0,0
0,1.4309,1,0,0,90,0,0,0
0,1.4405,1,0,0,90,0,0,0
0,1.45,1,0,0,90,0,0,0
0,1.4596,1,0,0,90,0,0,0
0,1.4692,1,0,0,90,0,0,0
0,1.4787,1,0,0,90,0,0,0
0,1.4883,1,0,0,90,0,0,0
0,1.4979,1,0,0,90,0,0,0
0,1.5074,1,0,0,90,0,0,0
0,1.517,1,0,0,90,0,0,0
0,1.5266,1,0,0,90,0,0,0
0,1.5361,1,0,0,90,0,0,0
0,1.5457,1,0,0,90,0,0,0
0,1.5553,1,0,0,90,0,0,0
0,1.5648,1,0,0,90,0,0,0
0,1.5744,1,0,0,90,0,0,0
0,1.584,1,0,0,90,0,0,0
0,1.5935,1,0,0,90,0,0,0
0,1.6031,1,0,0,90,0,0,0
0,1.6127,1,0,0,90,0,0,0
0,1.6222,1,0,0,90,0,0,0
0,1.6318,1,0,0,90,0,0,0
0,1.6414,1,0,0,90,0,0,0
0,1.6509,1,0,0,90,0,0,0
0,1.6605,1,0,0,90,0,0,0
0,1.6701,1,0,0,90,0,0,0
0,1.6796,1,0,0,90,0,0,0
0,1.6892,1,0,0,90,0,0,0
0,1.6988,1,0,0,90,0,0,0
0,1.7083,1,0,0,90,0,0,0
0,1.7179,1,0,0,90,0,0,0
0,1.7275,1,0,0,90,0,0,0
0,1.737,1,0,0,90,0,0,0
0,1.7466,1,0,0,90,0,0,0
0,1.7562,1,0,0,90,0,0,0
0,1.7657,1,0,0,90,0,0,0
0,1.7753,1,0,0,90,0,0,0
0,1.7849,1,0,0,90,0,0,0
0,1.7944,1,0,0,90,0,0,0
0,1.804,1,0,0,90,0,0,0
0,1.8136,1,0,0,90,0,0,0
0,1.8231,1,0,0,90,0,0,0
0,1.8327,1,0,0,90,0,0,0
0,1.8423,1,0,0,90,0,0,0
0,1.8505,1,0,0,90,0,0,0
0,1.8581,1,0,0,90,0,0,0
0,1.8658,1,0,0,90,0,0,0
0,1.8734,1,0,0,90,0,0,0
0,1.8811,1,0,0,90,0,0,0
0,1.8887,1,0,0,90,0,0,0
0,1.8964,1,0,0,90,0,0,0
0,1.904,1,0,0,90,0,0,0
0,1.9117,1,0,0,90,0,0,0
0,1.9193,1,0,0,90,0,0,0
0,1.927,1,0,0,90,0,0,0
0,1.9347,1,0,0,90,0,0,0
0,1.9423,1,0,0,90,0,0,0
0,1.95,1,0,0,90,0,0,0
0,1.9576,1,0,0,90,0,0,0
0,1.9653,1,0,0,90,0,0,0
0,1.9729,1,0,0,90,0,0,0
0,1.9806,1,0,0,90,0,0,0
0,1.9882,1,0,0,90,0,0,0
0,1.9959,1,0,0,90,0,0,0
0,2.0035,1,0,0,90,0,0,0
0,2.0112,1,0,0,90,0,0,0
0,2.0188,1,0,0,90,0,0,0
0,2.0265,1,0,0,90,0,0,0
0,2.0341,1,0,0,90,0,0,0
0,2.0418,1,0,0,90,0,0,0
0,2.0495,1,0,0,90,0,0,0
0,2.0571,1,0,0,90,0,0,0
0,2.0648,1,0,0,90,0,0,0
0,2.0724,1,0,0,90,0,0,0
0,2.0801,1,0,0,90,0,0,0
0,2.0877,1,0,0,90,0,0,0
0,2.0954,1,0,0,90,0,0,0
0,2.103,1,0,0,90,0,0,0
0,2.1107,1,0,0,90,0,0,0
0,2.1183,1,0,0,90,0,0,0
0,2.126,1,0,0,90,0,0,0
0,2.1336,1,0,0,90,0,0,0
0,2.1413,1,0,0,90,0,0,0
0,2.1489,1,0,0,90,0,0,0
0,2.1566,1,0,0,90,0,0,0
0,2.1643,1,0,0,90,0,0,0
0,2.1719,1,0,0,90,0,0,0
0,2.1796,1,0,0,90,0,0,0
0,2.1872,1,0,0,90,0,0,0
0,2.1949,1,0,0,90,0,0,0
0,2.2025,1,0,0,90,0,0,0
0,2.2102,1,0,0,90,0,0,0
0,2.2178,1,0,0,90,0,0,0
0,2.2255,1,0,0,90,0,0,0
0,2.2331,1,0,0,90,0,0,0
0,2.2408,1,0,0,90,0,0,0
0,2.2484,1,0,0,90,0,0,0
0,2.2561,1,0,0,90,0,0,0
0,2.2637,1,0,0,90,0,0,0
0,2.2714,1,0,0,90,0,0,0
0,2.2791,1,0,0,90,0,0,0
0,2.2867,1,0,0,90,0,0,0
0,2.2944,1,0,0,90,0,0,0
0,2.302,1,0,0,90,0,0,0
0,2.3097,1,0,0,90,0,0,0
0,2.3173,1,0,0,90,0,0,0
0,2.325,1,0,0,90,0,0,0
0,2.3326,1,0,0,90,0,0,0
0,2.3378,1,0,0,90,0,0.066667,0
0,2.3397,1,0,0,90,0,0.22222,0
0,2.3416,1,0,0,90,0,0.37778,0
0,2.3436,1,0,0,90,0,0.53333,0
0,2.3455,1,0,0,90,0,0.68889,0
0,2.3474,1,0,0,90,0,0.84444,0
0,2.3493,1,0,0,90,0,1,0
0,2.3512,1,0,0,90,0,1.1556,0
0,2.3531,1,0,0,90,0,1.3111,0
0,2.355,1,0,0,90,0,1.4667,0
0,2.357,1,0,0,90,0,1.6222,0
0,2.3589,1,0,0,90,0,1.7778,0
0,2.3608,1,0,0,90,0,1.9333,0
0,2.3627,1,0,0,90,0,2.0889,0
0,2.3646,1,0,0,90,0,2.2444,0
0,2.3665,1,0,0,90,0,2.4,0
0,2.3684,1,0,0,90,0,2.5556,0
0,2.3703,1,0,0,90,0,2.7111,0
0,2.3723,1,0,0,90,0,2.8667,0
0,2.3742,1,0,0,90,0,3.0222,0
0,2.3761,1,0,0,90,0,3.1778,0
0,2.378,1,0,0,90,0,3.3333,0
0,2.3799,1,0,0,90,0,3.4889,0
0,2.3818,1,0,0,90,0,3.6444,0
0,2.3837,1,0,0,90,0,3.8,0
0,2.3857,1,0,0,90,0,3.9556,0
0,2.3876,1,0,0,90,0,4.1111,0
0,2.3895,1,0,0,90,0,4.2667,0
0,2.3914,1,0,0,90,0,4.4222,0
0,2.3933,1,0,0,90,0,4.5778,0
0,2.3952,1,0,0,90,0,4.7333,0
0,2.3971,1,0,0,90,0,4.8889,0
0,2.399,1,0,0,90,0,5.0444,0
0,2.401,1,0,0,90,0,5.2,0
0,2.4029,1,0,0,90,0,5.3556,0
0,2.4048,1,0,0,90,0,5.5111,0
0,2.4067,1,0,0,90,0,5.6667,0
0,2.4086,1,0,0,90,0,5.8222,0
0,2.4105,1,0,0,90,0,5.9778,0
0,2.4124,1,0,0,90,0,6.1333,0
0,2.4144,1,0,0,90,0,6.2889,0
0,2.4163,1,0,0,90,0,6.4444,0
0,2.4182,1,0,0,90,0,6.6,0
0,2.4201,1,0,0,90,0,6.7556,0
0,2.422,1,0,0,90,0,6.9111,0
0,2.4239,1,0,0,90,0,7.0667,0
0,2.4258,1,0,0,90,0,7.2222,0
0,2.4277,1,0,0,90,0,7.3778,0
0,2.4297,1,0,0,90,0,7.5333,0
0,2.4316,1,0,0,90,0,7.6889,0
0,2.4335,1,0,0,90,0,7.8444,0
0,2.4354,1,0,0,90,0,8,0
0,2.4373,1,0,0,90,0,8.1556,0
0,2.4392,1,0,0,90,0,8.3111,0
0,2.4411,1,0,0,90,0,8.4667,0
0,2.4431,1,0,0,90,0,8.6222,0
0,2.445,1,0,0,90,0,8.7778,0
0,2.4469,1,0,0,90,0,8.9333,0
0,2.4488,1,0,0,90,0,9.0889,0
0,2.4507,1,0,0,90,0,9.2444,0
0,2.4526,1,0,0,90,0,9.4,0
0,2.4545,1,0,0,90,0,9.5556,0
0,2.4564,1,0,0,90,0,9.7111,0
0,2.4584,1,0,0,90,0,9.8667,0
0,2.46,1,0,0,90,0,10,0
0,2.46,1,0,0,90,0,10,0
0,2.46,1,0,0,90,0,10,0
0,2.46,1,0,0,90,0,10,0
0,2.46,1,0,0,90,0,10,0
0,2.46,1,0,0,90,0,10,0
0,2.46,1,0,0,90,0,10,0
0,2.46,1,0,0,90,0,10,0
0,2.46,1,0,0,90,0,10,0
0,2.46,1,0,0,90,0,10,0
0,2.46,1,0,0,90,0,10,0
0,2.46,1,0,0,90,0,10,0
0,2.46,1,0,0,90,0,10,0
0,2.46,1,0,0,90,0,10,0
0,2.46,1,0,0,90,0,10,0
0,2.46,1,0,0,90,0,10,0
0,2.46,1,0,0,90,0,10,0
0,2.46,1,0,0,90,0,10,0
0,2.46,1,0,0,90,0,10,0
0,2.46,1,0,0,90,0,10,0
0,2.46,1,0,0,90,0,10,0
0,2.46,1,0,0,90,0,10,0
0,2.46,1,0,0,90,0,10,0
0,2.46,1,0,0,90,0,10,0
0,2.46,1,0,0,90,0,10,0
0,2.46,1,0,0,90,0,10,0
0,2.46,1,0,0,90,0,10,0
0,2.46,1,0,0,90,0,10,0
0,2.46,1,0,0,90,0,10,0
0,2.46,1,0,0,90,0,10,0
0,2.46,1,0,0,90,0,10,0
0,2.46,1,0,0,90,0,10,0
0,2.46,1,0,0,90,0,10,0
0,2.46,1,0,0,90,0,10,0
0,2.46,1,0,0,90,0,10,0
0,2.46,1,0,0,90,0,10,0
0,2.46,1,0,0,90,0,10,0
0,2.46,1,0,0,90,0,10,0
0,2.46,1,0,0,90,0,10,0
0,2.46,1,0,0,90,0,10,0
0,2.46,1,0,0,90,0,10,0
0,2.46,1,0,0,90,0,10,0
0,2.46,1,0,0,90,0,10,0
0,2.46,1,0,0,90,0,10,0
0,2.46,1,0,0,90,0,10,0
0,2.46,1,0,0,90,0,10,0
0,2.46,1,0,0,90,0,10,0
0,2.46,1,0,0,90,0,10,0
0,2.46,1,0,0,90,0,10,0
0,2.46,1,0,0,90,0,10,0
0,2.46,1,0,0,90,0,10,0
0,2.46,1,0,0,90,0,10,0
0,2.46,1,0,0,90,0,10,0
0,2.46,1,0,0,90,0,10,0
0,2.46,1,0,0,90,0,10,0
0,2.46,1,0,0,90,0,10,0
0,2.46,1,0,0,90,0,10,0
0,2.46,1,0,0,90,0,10,0
0,2.46,1,0,0,90,0,10,0
0,2.46,1,0,0,90,0,10,0
0,2.46,1,0,0,90,0,10,0
0,2.46,1,0,0,90,0,10,0
0,2.46,1,0,0,90,0,10,0
0,2.46,1,0,0,90,0,10,0
0,2.46,1,0,0,90,0,10,0
0,2.46,1,0,0,90,0,10,0
0,2.46,1,0,0,90,0,10,0
0,2.46,1,0,0,90,0,10,0
0,2.46,1,0,0,90,0,10,0
0,2.46,1,0,0,90,0,10,0
0,2.46,1,0,0,90,0,10,0
0,2.46,1,0,0,90,0,10,0
0,2.46,1,0,0,90,0,10,0
0,2.46,1,0,0,90,0,10,0
0,2.46,1,0,0,90,0,10,0
0,2.46,1,0,0,90,0,10,0
0,2.46,1,0,0,90,0,10,0
0,2.46,1,0,0,90,0,10,0
0,2.46,1,0,0,90,0,10,0
0,2.46,1,0,0,90,0,10,0
0,2.46,1,0,0,90,0,10,0
0,2.46,1,0,0,90,0,10,0
0,2.46,1,0,0,90,0,10,0
0,2.46,1,0,0,90,0,10,0
0,2.46,1,0,0,90,0,10,0
0,2.46,1,0,0,90,0,10,0
0,2.46,1,0,0,90,0,10,0
0,2.46,1,0,0,90,0,10,0
0,2.46,1,0,0,90,0,10,0
0,2.46,1,0,0,90,0,10,0
0,2.46,1,0,0,90,0,10,0
0,2.46,1,0,0,90,0,10,0
0,2.46,1,0,0,90,0,10,0
0,2.46,1,0,0,90,0,10,0
0,2.46,1,0,0,90,0,10,0
0,2.46,1,0,0,90,0,10,0
0,2.46,1,0,0,90,0,10,0
0,2.46,1,0,0,90,0,10,0
0,2.46,1,0,0,90,0,10,0
0,2.46,1,0,0,90,0,10,0
0,2.46,1,0,0,90,0,10,0
0,2.46,1,0,0,90,0,10,0
0,2.46,1,0,0,90,0,10,0
0,2.46,1,0,0,90,0,10,0
0,2.46,1,0,0,90,0,10,0
0,2.46,1,0,0,90,0,10,0
0,2.46,1,0,0,90,0,10,0
0,2.46,1,0,0,90,0,10,0
0,2.46,1,0,0,90,0,10,0
0,2.46,1,0,0,90,0,10,0
0,2.46,1,0,0,90,0,10,0
0,2.46,1,0,0,90,0,10,0
0,2.46,1,0,0,90,0,10,0
0,2.46,1,0,0,90,0,10,0
0,2.46,1,0,0,90,0,10,0
0,2.46,1,0,0,90,0,10,0
0,2.46,1,0,0,90,0,10,0
0,2.46,1,0,0,90,0,10,0
0,2.46,1,0,0,90,0,10,0
0,2.46,1,0,0,90,0,10,0
0,2.46,1,0,0,90,0,10,0
0,2.46,1,0,0,90,0,10,0
0,2.46,1,0,0,90,0,10,0
0,2.46,1,0,0,90,0,10,0
0,2.46,1,0,0,90,0,10,0
0,2.46,1,0,0,90,0,10,0
0,2.46,1,0,0,90,0,10,0
0,2.46,1,0,0,90,0,10,0
0,2.46,1,0,0,90,0,10,0
0,2.4589,1,0,0,90,0,9.9111,0
0,2.457,1,0,0,90,0,9.7556,0
0,2.4551,1,0,0,90,0,9.6,0
0,2.4532,1,0,0,90,0,9.4444,0
0,2.4513,1,0,0,90,0,9.2889,0
0,2.4493,1,0,0,90,0,9.1333,0
0,2.4474,1,0,0,90,0,8.9778,0
0,2.4455,1,0,0,90,0,8.8222,0
0,2.4436,1,0,0,90,0,8.6667,0
0,2.4417,1,0,0,90,0,8.5111,0
0,2.4398,1,0,0,90,0,8.3556,0
0,2.4379,1,0,0,90,0,8.2,0
0,2.4359,1,0,0,90,0,8.0444,0
0,2.434,1,0,0,90,0,7.8889,0
0,2.4321,1,0,0,90,0,7.7333,0
0,2.4302,1,0,0,90,0,7.5778,0
0,2.4283,1,0,0,90,0,7.4222,0
0,2.4264,1,0,0,90,0,7.2667,0
0,2.4245,1,0,0,90,0,7.1111,0
0,2.4226,1,0,0,90,0,6.9556,0
0,2.4206,1,0,0,90,0,6.8,0
0,2.4187,1,0,0,90,0,6.6444,0
0,2.4168,1,0,0,90,0,6.4889,0
0,2.4149,1,0,0,90,0,6.3333,0
0,2.413,1,0,0,90,0,6.1778,0
0,2.4111,1,0,0,90,0,6.0222,0
0,2.4092,1,0,0,90,0,5.8667,0
0,2.4072,1,0,0,90,0,5.7111,0
0,2.4053,1,0,0,90,0,5.5556,0
0,2.4034,1,0,0,90,0,5.4,0
0,2.4015,1,0,0,90,0,5.2444,0
0,2.3996,1,0,0,90,0,5.0889,0
0,2.3977,1,0,0,90,0,4.9333,0
0,2.3958,1,0,0,90,0,4.7778,0
0,2.3939,1,0,0,90,0,4.6222,0
0,2.3919,1,0,0,90,0,4.4667,0
0,2.39,1,0,0,90,0,4.3111,0
0,2.3881,1,0,0,90,0,4.1556,0
0,2.3862,1,0,0,90,0,4,0
0,2.3843,1,0,0,90,0,3.8444,0
0,2.3824,1,0,0,90,0,3.6889,0
0,2.3805,1,0,0,90,0,3.5333,0
0,2.3785,1,0,0,90,0,3.3778,0
0,2.3766,1,0,0,90,0,3.2222,0
0,2.3747,1,0,0,90,0,3.0667,0
0,2.3728,1,0,0,90,0,2.9111,0
0,2.3709,1,0,0,90,0,2.7556,0
0,2.369,1,0,0,90,0,2.6,0
0,2.3671,1,0,0,90,0,2.4444,0
0,2.3652,1,0,0,90,0,2.2889,0
0,2.3632,1,0,0,90,0,2.1333,0
0,2.3613,1,0,0,90,0,1.9778,0
0,2.3594,1,0,0,90,0,1.8222,0
0,2.3575,1,0,0,90,0,1.6667,0
0,2.3556,1,0,0,90,0,1.5111,0
0,2.3537,1,0,0,90,0,1.3556,0
0,2.3518,1,0,0,90,0,1.2,0
0,2.3498,1,0,0,90,0,1.0444,0
0,2.3479,1,0,0,90,0,0.88889,0
0,2.346,1,0,0,90,0,0.73333,0
0,2.3441,1,0,0,90,0,0.57778,0
0,2.3422,1,0,0,90,0,0.42222,0
0,2.3403,1,0,0,90,0,0.26667,0
0,2.3384,1,0,0,90,0,0.11111,0
0,2.3348,1,0,0,90,0,0,0
0,2.3272,1,0,0,90,0,0,0
0,2.3195,1,0,0,90,0,0,0
0,2.3119,1,0,0,90,0,0,0
0,2.3042,1,0,0,90,0,0,0
0,2.2965,1,0,0,90,0,0,0
0,2.2889,1,0,0,90,0,0,0
0,2.2812,1,0,0,90,0,0,0
0,2.2736,1,0,0,90,0,0,0
0,2.2659,1,0,0,90,0,0,0
0,2.2583,1,0,0,90,0,0,0
0,2.2506,1,0,0,90,0,0,0
0,2.243,1,0,0,90,0,0,0
0,2.2353,1,0,0,90,0,0,0
0,2.2277,1,0,0,90,0,0,0
0,2.22,1,0,0,90,0,0,0
0,2.2124,1,0,0,90,0,0,0
0,2.2047,1,0,0,90,0,0,0
0,2.1971,1,0,0,90,0,0,0
0,2.1894,1,0,0,90,0,0,0
0,2.1817,1,0,0,90,0,0,0
0,2.1741,1,0,0,90,0,0,0
0,2.1664,1,0,0,90,0,0,0
0,2.1588,1,0,0,90,0,0,0
0,2.1511,1,0,0,90,0,0,0
0,2.1435,1,0,0,90,0,0,0
0,2.1358,1,0,0,90,0,0,0
0,2.1282,1,0,0,90,0,0,0
0,2.1205,1,0,0,90,0,0,0
0,2.1129,1,0,0,90,0,0,0
0,2.1052,1,0,0,90,0,0,0
0,2.0976,1,0,0,90,0,0,0
0,2.0899,1,0,0,90,0,0,0
0,2.0823,1,0,0,90,0,0,0
0,2.0746,1,0,0,90,0,0,0
0,2.0669,1,0,0,90,0,0,0
0,2.0593,1,0,0,90,0,0,0
0,2.0516,1,0,0,90,0,0,0
0,2.044,1,0,0,90,0,0,0
0,2.0363,1,0,0,90,0,0,0
0,2.0287,1,0,0,90,0,0,0
0,2.021,1,0,0,90,0,0,0
0,2.0134,1,0,0,90,0,0,0
0,2.0057,1,0,0,90,0,0,0
0,1.9981,1,0,0,90,0,0,0
0,1.9904,1,0,0,90,0,0,0
0,1.9828,1,0,0,90,0,0,0
0,1.9751,1,0,0,90,0,0,0
0,1.9675,1,0,0,90,0,0,0
0,1.9598,1,0,0,90,0,0,0
0,1.9521,1,0,0,90,0,0,0
0,1.9445,1,0,0,90,0,0,0
0,1.9368,1,0,0,90,0,0,0
0,1.9292,1,0,0,90,0,0,0
0,1.9215,1,0,0,90,0,0,0
0,1.9139,1,0,0,90,0,0,0
0,1.9062,1,0,0,90,0,0,0
0,1.8986,1,0,0,90,0,0,0
0,1.8909,1,0,0,90,0,0,0
0,1.8833,1,0,0,90,0,0,0
0,1.8756,1,0,0,90,0,0,0
0,1.868,1,0,0,90,0,0,0
0,1.8603,1,0,0,90,0,0,0
0,1.8527,1,0,0,90,0,0,0
0,1.845,1,0,0,90,0,0,0
0,1.8354,1,0,0,90,0,0,0
0,1.8259,1,0,0,90,0,0,0
0,1.8163,1,0,0,90,0,0,0
0,1.8067,1,0,0,90,0,0,0
0,1.7972,1,0,0,90,0,0,0
0,1.7876,1,0,0,90,0,0,0
0,1.778,1,0,0,90,0,0,0
0,1.7685,1,0,0,90,0,0,0
0,1.7589,1,0,0,90,0,0,0
0,1.7493,1,0,0,90,0,0,0
0,1.7398,1,0,0,90,0,0,0
0,1.7302,1,0,0,90,0,0,0
0,1.7206,1,0,0,90,0,0,0
0,1.7111,1,0,0,90,0,0,0
0,1.7015,1,0,0,90,0,0,0
0,1.6919,1,0,0,90,0,0,0
0,1.6824,1,0,0,90,0,0,0
0,1.6728,1,0,0,90,0,0,0
0,1.6632,1,0,0,90,0,0,0
0,1.6537,1,0,0,90,0,0,0
0,1.6441,1,0,0,90,0,0,0
0,1.6345,1,0,0,90,0,0,0
0,1.625,1,0,0,90,0,0,0
0,1.6154,1,0,0,90,0,0,0
0,1.6058,1,0,0,90,0,0,0
0,1.5963,1,0,0,90,0,0,0
0,1.5867,1,0,0,90,0,0,0
0,1.5771,1,0,0,90,0,0,0
0,1.5676,1,0,0,90,0,0,0
0,1.558,1,0,0,90,0,0,0
0,1.5484,1,0,0,90,0,0,0
0,1.5389,1,0,0,90,0,0,0
0,1.5293,1,0,0,90,0,0,0
0,1.5197,1,0,0,90,0,0,0
0,1.5102,1,0,0,90,0,0,0
0,1.5006,1,0,0,90,0,0,0
0,1.491,1,0,0,90,0,0,0
0,1.4815,1,0,0,90,0,0,0
0,1.4719,1,0,0,90,0,0,0
0,1.4623,1,0,0,90,0,0,0
0,1.4528,1,0,0,90,0,0,0
0,1.4432,1,0,0,90,0,0,0
0,1.4336,1,0,0,90,0,0,0
0,1.4241,1,0,0,90,0,0,0
0,1.4145,1,0,0,90,0,0,0
0,1.4049,1,0,0,90,0,0,0
0,1.3954,1,0,0,90,0,0,0
0,1.3858,1,0,0,90,0,0,0
0,1.3762,1,0,0,90,0,0,0
0,1.3667,1,0,0,90,0,0,0
0,1.3571,1,0,0,90,0,0,0
0,1.3475,1,0,0,90,0,0,0
0,1.338,1,0,0,90,0,0,0
0,1.3284,1,0,0,90,0,0,0
0,1.3188,1,0,0,90,0,0,0
0,1.3093,1,0,0,90,0,0,0
0,1.2997,1,0,0,90,0,0,0
0,1.2901,1,0,0,90,0,0,0
0,1.2806,1,0,0,90,0,0,0
0,1.271,1,0,0,90,0,0,0
0,1.2614,1,0,0,90,0,0,0
0,1.2519,1,0,0,90,0,0,0
0,1.2423,1,0,0,90,0,0,0
0,1.2327,1,0,0,90,0,0,0
0,1.2232,1,0,0,90,0,0,0
0,1.2136,1,0,0,90,0,0,0
0,1.204,1,0,0,90,0,0,0
0,1.1945,1,0,0,90,0,0,0
0,1.1849,1,0,0,90,0,0,0
0,1.1753,1,0,0,90,0,0,0
0,1.1658,1,0,0,90,0,0,0
0,1.1562,1,0,0,90,0,0,0
0,1.1466,1,0,0,90,0,0,0
0,1.1371,1,0,0,90,0,0,0
0,1.1275,1,0,0,90,0,0,0
0,1.1179,1,0,0,90,0,0,0
0,1.1084,1,0,0,90,0,0,0
0,1.0988,1,0,0,90,0,0,0
0,1.0892,1,0,0,90,0,0,0
0,1.0797,1,0,0,90,0,0,0
0,1.0701,1,0,0,90,0,0,0
0,1.0605,1,0,0,90,0,0,0
0,1.051,1,0,0,90,0,0,0
0,1.0414,1,0,0,90,0,0,0
0,1.0318,1,0,0,90,0,0,0
0,1.0223,1,0,0,90,0,0,0
0,1.0127,1,0,0,90,0,0,0
0,1.0031,1,0,0,90,0,0,0
0,0.99357,1,0,0,90,0,0,0
0,0.984,1,0,0,90,0,0,0
0,0.97443,1,0,0,90,0,0,0
0,0.96487,1,0,0,90,0,0,0
0,0.9553,1,0,0,90,0,0,0
0,0.94573,1,0,0,90,0,0,0
0,0.93617,1,0,0,90,0,0,0
0,0.9266,1,0,0,90,0,0,0
0,0.91703,1,0,0,90,0,0,0
0,0.90747,1,0,0,90,0,0,0
0,0.8979,1,0,0,90,0,0,0
0,0.88833,1,0,0,90,0,0,0
0,0.87877,1,0,0,90,0,0,0
0,0.8692,1,0,0,90,0,0,0
0,0.85963,1,0,0,90,0,0,0
0,0.85007,1,0,0,90,0,0,0
0,0.8405,1,0,0,90,0,0,0
0,0.83093,1,0,0,90,0,0,0
0,0.82137,1,0,0,90,0,0,0
0,0.8118,1,0,0,90,0,0,0
0,0.80223,1,0,0,90,0,0,0
0,0.79267,1,0,0,90,0,0,0
0,0.7831,1,0,0,90,0,0,0
0,0.77353,1,0,0,90,0,0,0
0,0.76397,1,0,0,90,0,0,0
0,0.7544,1,0,0,90,0,0,0
0,0.74483,1,0,0,90,0,0,0
0,0.73527,1,0,0,90,0,0,0
0,0.7257,1,0,0,90,0,0,0
0,0.71613,1,0,0,90,0,0,0
0,0.70657,1,0,0,90,0,0,0
0,0.697,1,0,0,90,0,0,0
0,0.68743,1,0,0,90,0,0,0
0,0.67787,1,0,0,90,0,0,0
0,0.6683,1,0,0,90,0,0,0
0,0.65873,1,0,0,90,0,0,0
0,0.64917,1,0,0,90,0,0,0
0,0.6396,1,0,0,90,0,0,0
0,0.63003,1,0,0,90,0,0,0
0,0.62047,1,0,0,90,0,0,0
0,0.6109,1,0,0,90,0,0,0
0,0.60133,1,0,0,90,0,0,0
0,0.59177,1,0,0,90,0,0,0
0,0.5822,1,0,0,90,0,0,0
0,0.57263,1,0,0,90,0,0,0
0,0.56307,1,0,0,90,0,0,0
0,0.5535,1,0,0,90,0,0,0
0,0.54393,1,0,0,90,0,0,0
0,0.53437,1,0,0,90,0,0,0
0,0.5248,1,0,0,90,0,0,0
0,0.51523,1,0,0,90,0,0,0
0,0.50567,1,0,0,90,0,0,0
0,0.4961,1,0,0,90,0,0,0
0,0.48653,1,0,0,90,0,0,0
0,0.47697,1,0,0,90,0,0,0
0,0.4674,1,0,0,90,0,0,0
0,0.45783,1,0,0,90,0,0,0
0,0.44827,1,0,0,90,0,0,0
0,0.4387,1,0,0,90,0,0,0
0,0.42913,1,0,0,90,0,0,0
0,0.41957,1,0,0,90,0,0,0
0,0.41,1,0,0,90,0,0,0
0,0.40043,1,0,0,90,0,0,0
0,0.39087,1,0,0,90,0,0,0
0,0.3813,1,0,0,90,0,0,0
0,0.37173,1,0,0,90,0,0,0
0,0.36217,1,0,0,90,0,0,0
0,0.3526,1,0,0,90,0,0,0
0,0.34303,1,0,0,90,0,0,0
0,0.33347,1,0,0,90,0,0,0
0,0.3239,1,0,0,90,0,0,0
0,0.31433,1,0,0,90,0,0,0
0,0.30477,1,0,0,90,0,0,0
0,0.2952,1,0,0,90,0,0,0
0,0.28563,1,0,0,90,0,0,0
0,0.27607,1,0,0,90,0,0,0
0,0.2665,1,0,0,90,0,0,0
0,0.25693,1,0,0,90,0,0,0
0,0.24737,1,0,0,90,0,0,0
0,0.2378,1,0,0,90,0,0,0
0,0.22823,1,0,0,90,0,0,0
0,0.21867,1,0,0,90,0,0,0
0,0.2091,1,0,0,90,0,0,0
0,0.19953,1,0,0,90,0,0,0
0,0.18997,1,0,0,90,0,0,0
0,0.1804,1,0,0,90,0,0,0
0,0.17083,1,0,0,90,0,0,0
0,0.16127,1,0,0,90,0,0,0
0,0.1517,1,0,0,90,0,0,0
0,0.14213,1,0,0,90,0,0,0
0,0.13257,1,0,0,90,0,0,0
0,0.123,1,0,0,90,0,0,0
0,0.11343,1,0,0,90,0,0,0
0,0.10387,1,0,0,90,0,0,0
0,0.0943,1,0,0,90,0,0,0
0,0.084733,1,0,0,90,0,0,0
0,0.075167,1,0,0,90,0,0,0
0,0.0656,1,0,0,90,0,0,0
0,0.056033,1,0,0,90,0,0,0
0,0.046467,1,0,0,90,0,0,0
0,0.0369,1,0,0,90,0,0,0
0,0.027333,1,0,0,90,0,0,0
0,0.017767,1,0,0,90,0,0,0
0,0.0082,1,0,0,90,0,0,0
0,0,0.99944,0,0,90,0,0,0
0,0,0.99556,0,0,90,0,0,0
0,0,0.99167,0,0,90,0,0,0
0,0,0.98778,0,0,90,0,0,0
0,0,0.98389,0,0,90,0,0,0
0,0,0.98,0,0,90,0,0,0
0,0,0.97611,0,0,90,0,0,0
0,0,0.97222,0,0,90,0,0,0
0,0,0.96833,0,0,90,0,0,0
0,0,0.96444,0,0,90,0,0,0
0,0,0.96056,0,0,90,0,0,0
0,0,0.95667,0,0,90,0,0,0
0,0,0.95278,0,0,90,0,0,0
0,0,0.94889,0,0,90,0,0,0
0,0,0.945,0,0,90,0,0,0
0,0,0.94111,0,0,90,0,0,0
0,0,0.93722,0,0,90,0,0,0
0,0,0.93333,0,0,90,0,0,0
0,0,0.92944,0,0,90,0,0,0
0,0,0.92556,0,0,90,0,0,0
0,0,0.92167,0,0,90,0,0,0
0,0,0.91778,0,0,90,0,0,0
0,0,0.91389,0,0,90,0,0,0
0,0,0.91,0,0,90,0,0,0
0,0,0.90611,0,0,90,0,0,0
0,0,0.90222,0,0,90,0,0,0
0,0,0.89833,0,0,90,0,0,0
0,0,0.89444,0,0,90,0,0,0
0,0,0.89056,0,0,90,0,0,0
0,0,0.88667,0,0,90,0,0,0
0,0,0.88278,0,0,90,0,0,0
0,0,0.87889,0,0,90,0,0,0
0,0,0.875,0,0,90,0,0,0
0,0,0.87111,0,0,90,0,0,0
0,0,0.86722,0,0,90,0,0,0
0,0,0.86333,0,0,90,0,0,0
0,0,0.85944,0,0,90,0,0,0
0,0,0.85556,0,0,90,0,0,0
0,0,0.85167,0,0,90,0,0,0
0,0,0.84778,0,0,90,0,0,0
0,0,0.84389,0,0,90,0,0,0
0,0,0.84,0,0,90,0,0,0
0,0,0.83611,0,0,90,0,0,0
0,0,0.83222,0,0,90,0,0,0
0,0,0.82833,0,0,90,0,0,0
0,0,0.82444,0,0,90,0,0,0
0,0,0.82056,0,0,90,0,0,0
0,0,0.81667,0,0,90,0,0,0
0,0,0.81278,0,0,90,0,0,0
0,0,0.80889,0,0,90,0,0,0
0,0,0.805,0,0,90,0,0,0
0,0,0.80111,0,0,90,0,0,0
0,0,0.79722,0,0,90,0,0,0
0,0,0.79333,0,0,90,0,0,0
0,0,0.78944,0,0,90,0,0,0
0,0,0.78556,0,0,90,0,0,0
0,0,0.78167,0,0,90,0,0,0
0,0,0.77778,0,0,90,0,0,0
0,0,0.77389,0,0,90,0,0,0
0,0,0.77,0,0,90,0,0,0
0,0,0.76611,0,0,90,0,0,0
0,0,0.76222,0,0,90,0,0,0
0,0,0.75833,0,0,90,0,0,0
0,0,0.75444,0,0,90,0,0,0
0,0,0.75056,0,0,90,0,0,0
0,0,0.74667,0,0,90,0,0,0
0,0,0.74278,0,0,90,0,0,0
0,0,0.73889,0,0,90,0,0,0
0,0,0.735,0,0,90,0,0,0
0,0,0.73111,0,0,90,0,0,0
0,0,0.72722,0,0,90,0,0,0
0,0,0.72333,0,0,90,0,0,0
0,0,0.71944,0,0,90,0,0,0
0,0,0.71556,0,0,90,0,0,0
0,0,0.71167,0,0,90,0,0,0
0,0,0.70778,0,0,90,0,0,0
0,0,0.70389,0,0,90,0,0,0
0,0,0.7,0,0,90,0,0,0
0,0,0.69611,0,0,90,0,0,0
0,0,0.69222,0,0,90,0,0,0
0,0,0.68833,0,0,90,0,0,0
0,0,0.68444,0,0,90,0,0,0
0,0,0.68056,0,0,90,0,0,0
0,0,0.67667,0,0,90,0,0,0
0,0,0.67278,0,0,90,0,0,0
0,0,0.66889,0,0,90,0,0,0
0,0,0.665,0,0,90,0,0,0
0,0,0.66111,0,0,90,0,0,0
0,0,0.65722,0,0,90,0,0,0
0,0,0.65333,0,0,90,0,0,0
0,0,0.64944,0,0,90,0,0,0
0,0,0.64556,0,0,90,0,0,0
0,0,0.64167,0,0,90,0,0,0
0,0,0.63778,0,0,90,0,0,0
0,0,0.63389,0,0,90,0,0,0
0,0,0.63,0,0,90,0,0,0
0,0,0.62611,0,0,90,0,0,0
0,0,0.62222,0,0,90,0,0,0
0,0,0.61833,0,0,90,0,0,0
0,0,0.61444,0,0,90,0,0,0
0,0,0.61056,0,0,90,0,0,0
0,0,0.60667,0,0,90,0,0,0
0,0,0.60278,0,0,90,0,0,0
0,0,0.59889,0,0,90,0,0,0
0,0,0.595,0,0,90,0,0,0
0,0,0.59111,0,0,90,0,0,0
0,0,0.58722,0,0,90,0,0,0
0,0,0.58333,0,0,90,0,0,0
0,0,0.57944,0,0,90,0,0,0
0,0,0.57556,0,0,90,0,0,0
0,0,0.57167,0,0,90,0,0,0
0,0,0.56778,0,0,90,0,0,0
0,0,0.56389,0,0,90,0,0,0
0,0,0.56,0,0,90,0,0,0
0,0,0.55611,0,0,90,0,0,0
0,0,0.55222,0,0,90,0,0,0
0,0,0.54833,0,0,90,0,0,0
0,0,0.54444,0,0,90,0,0,0
0,0,0.54056,0,0,90,0,0,0
0,0,0.53667,0,0,90,0,0,0
0,0,0.53278,0,0,90,0,0,0
0,0,0.52889,0,0,90,0,0,0
0,0,0.525,0,0,90,0,0,0
0,0,0.52111,0,0,90,0,0,0
0,0,0.51722,0,0,90,0,0,0
0,0,0.51333,0,0,90,0,0,0
0,0,0.50944,0,0,90,0,0,0
0,0,0.50556,0,0,90,0,0,0
0,0,0.50167,0,0,90,0,0,0
0,0,0.49778,0,0,90,0,0,0
0,0,0.49389,0,0,90,0,0,0
0,0,0.49,0,0,90,0,0,0
0,0,0.48611,0,0,90,0,0,0
0,0,0.48222,0,0,90,0,0,0
0,0,0.47833,0,0,90,0,0,0
0,0,0.47444,0,0,90,0,0,0
0,0,0.47056,0,0,90,0,0,0
0,0,0.46667,0,0,90,0,0,0
0,0,0.46278,0,0,90,0,0,0
0,0,0.45889,0,0,90,0,0,0
0,0,0.455,0,0,90,0,0,0
0,0,0.45111,0,0,90,0,0,0
0,0,0.44722,0,0,90,0,0,0
0,0,0.44333,0,0,90,0,0,0
0,0,0.43944,0,0,90,0,0,0
0,0,0.43556,0,0,90,0,0,0
0,0,0.43167,0,0,90,0,0,0
0,0,0.42778,0,0,90,0,0,0
0,0,0.42389,0,0,90,0,0,0
0,0,0.42,0,0,90,0,0,0
0,0,0.41611,0,0,90,0,0,0
0,0,0.41222,0,0,90,0,0,0
0,0,0.40833,0,0,90,0,0,0
0,0,0.40444,0,0,90,0,0,0
0,0,0.40056,0,0,90,0,0,0
0,0,0.39667,0,0,90,0,0,0
0,0,0.39278,0,0,90,0,0,0
0,0,0.38889,0,0,90,0,0,0
0,0,0.385,0,0,90,0,0,0
0,0,0.38111,0,0,90,0,0,0
0,0,0.37722,0,0,90,0,0,0
0,0,0.37333,0,0,90,0,0,0
0,0,0.36944,0,0,90,0,0,0
0,0,0.36556,0,0,90,0,0,0
0,0,0.36167,0,0,90,0,0,0
0,0,0.35778,0,0,90,0,0,0
0,0,0.35389,0,0,90,0,0,0
0,0,0.35,0,0,90,0,0,0
0,0,0.34611,0,0,90,0,0,0
0,0,0.34222,0,0,90,0,0,0
0,0,0.33833,0,0,90,0,0,0
0,0,0.33444,0,0,90,0,0,0
0,0,0.33056,0,0,90,0,0,0
0,0,0.32667,0,0,90,0,0,0
0,0,0.32278,0,0,90,0,0,0
0,0,0.31889,0,0,90,0,0,0
0,0,0.315,0,0,90,0,0,0
0,0,0.31111,0,0,90,0,0,0
0,0,0.30722,0,0,90,0,0,0
0,0,0.30333,0,0,90,0,0,0
0,0,0.29944,0,0,90,0,0,0
0,0,0.29556,0,0,90,0,0,0
0,0,0.29167,0,0,90,0,0,0
0,0,0.28778,0,0,90,0,0,0
0,0,0.28389,0,0,90,0,0,0
0,0,0.28,0,0,90,0,0,0
0,0,0.27611,0,0,90,0,0,0
0,0,0.27222,0,0,90,0,0,0
0,0,0.26833,0,0,90,0,0,0
0,0,0.26444,0,0,90,0,0,0
0,0,0.26056,0,0,90,0,0,0
0,0,0.25667,0,0,90,0,0,0
0,0,0.25278,0,0,90,0,0,0
0,0,0.24889,0,0,90,0,0,0
0,0,0.245,0,0,90,0,0,0
0,0,0.24111,0,0,90,0,0,0
0,0,0.23722,0,0,90,0,0,0
0,0,0.23333,0,0,90,0,0,0
0,0,0.22944,0,0,90,0,0,0
0,0,0.22556,0,0,90,0,0,0
0,0,0.22167,0,0,90,0,0,0
0,0,0.21778,0,0,90,0,0,0
0,0,0.21389,0,0,90,0,0,0
0,0,0.21,0,0,90,0,0,0
0,0,0.20611,0,0,90,0,0,0
0,0,0.20222,0,0,90,0,0,0
0,0,0.19833,0,0,90,0,0,0
0,0,0.19444,0,0,90,0,0,0
0,0,0.19056,0,0,90,0,0,0
0,0,0.18667,0,0,90,0,0,0
0,0,0.18278,0,0,90,0,0,0
0,0,0.17889,0,0,90,0,0,0
0,0,0.175,0,0,90,0,0,0
0,0,0.17111,0,0,90,0,0,0
0,0,0.16722,0,0,90,0,0,0
0,0,0.16333,0,0,90,0,0,0
0,0,0.15944,0,0,90,0,0,0
0,0,0.15556,0,0,90,0,0,0
0,0,0.15167,0,0,90,0,0,0
0,0,0.14778,0,0,90,0,0,0
0,0,0.14389,0,0,90,0,0,0
0,0,0.14,0,0,90,0,0,0
0,0,0.13611,0,0,90,0,0,0
0,0,0.13222,0,0,90,0,0,0
0,0,0.12833,0,0,90,0,0,0
0,0,0.12444,0,0,90,0,0,0
0,0,0.12056,0,0,90,0,0,0
0,0,0.11667,0,0,90,0,0,0
0,0,0.11278,0,0,90,0,0,0
0,0,0.10889,0,0,90,0,0,0
0,0,0.105,0,0,90,0,0,0
0,0,0.10111,0,0,90,0,0,0
0,0,0.097222,0,0,90,0,0,0
0,0,0.093333,0,0,90,0,0,0
0,0,0.089444,0,0,90,0,0,0
0,0,0.085556,0,0,90,0,0,0
0,0,0.081667,0,0,90,0,0,0
0,0,0.077778,0,0,90,0,0,0
0,0,0.073889,0,0,90,0,0,0
0,0,0.07,0,0,90,0,0,0
0,0,0.066111,0,0,90,0,0,0
0,0,0.062222,0,0,90,0,0,0
0,0,0.058333,0,0,90,0,0,0
0,0,0.054444,0,0,90,0,0,0
0,0,0.050556,0,0,90,0,0,0
0,0,0.046667,0,0,90,0,0,0
0,0,0.042778,0,0,90,0,0,0
0,0,0.038889,0,0,90,0,0,0
0,0,0.035,0,0,90,0,0,0
0,0,0.031111,0,0,90,0,0,0
0,0,0.027222,0,0,90,0,0,0
0,0,0.023333,0,0,90,0,0,0
0,0,0.019444,0,0,90,0,0,0
0,0,0.015556,0,0,90,0,0,0
0,0,0.011667,0,0,90,0,0,0
0,0,0.0077778,0,0,90,0,0,0
0,0,0.0038889,0,0,90,0,0,0
0,0,0,0,0,0,0,0,0
